"mc" "Im" "pc" "hs" "edad" "es" "tr_d" "tr_c" "Anhedonia" "Anxiousness" "AttentionSeeking" "Callousness" "Deceitfulness" "Depressivity" "Distractivility" "Excentricity" "EmotionalLability" "Grandiosity" "Hostility" "Impulsivity" "IntimacyAvoidance" "Irresponsibility" "Manipulativeness" "PerceptualDysregulation" "Perseveration" "RestrictedAffectivity" "RigidPerfeccionism" "RiskTaking" "SeparationInsecurity" "Submissiveness" "Suspiciousness" "UnusualBeliefsAndExperiences" "Withdrawal" "DomainNegativeAffect" "DomainDetachment" "DomainAntagonism" "DomainDisinhibition" "DomainPsychoticism"
"1" 0.621153846153846 "Masculino" 0.692307692307692 9 21 "Universidad incompleta" 959.913296703306 456.524175824171 0.5 2.11111111111111 2.25 0.785714285714286 1.4 0.928571428571429 2.33333333333333 2.30769230769231 2 1.66666666666667 1.6 1.16666666666667 0.666666666666667 0.285714285714286 1.6 1.16666666666667 1.44444444444444 0.857142857142857 1.4 1.64285714285714 0.571428571428571 2 1.42857142857143 0.75 0.5 2 0.5 1.6 0.285714285714286 0.75
"2" 0.507246376811594 "Femenino" 0.692307692307692 8 59 "Universidad completa" 1250.27615393584 516.428615453725 0.25 0.222222222222222 0.875 0.0714285714285714 0.5 0.142857142857143 0 0 0.285714285714286 1.33333333333333 0.7 0.5 0.5 0.142857142857143 0.8 0 0.444444444444444 0.571428571428571 1.6 0.571428571428571 0.571428571428571 1.5 0.857142857142857 0.125 0.6 0.285714285714286 0.6 0.8 0.142857142857143 0.125
"3" 0.607336956521739 "Femenino" 0.666666666666667 6 21 "Secundaria completa" 969.738712125091 601.404015151219 2.25 2.77777777777778 1.75 0.785714285714286 1 2.92857142857143 0.666666666666667 0 1.57142857142857 0.5 1 1 0.666666666666667 0.428571428571429 1.6 0.25 1.77777777777778 0.571428571428571 1.4 0.571428571428571 1.57142857142857 0.75 1.14285714285714 0.75 0.1 1.57142857142857 0.1 1.6 0.428571428571429 0.75
"4" 0.507517482517483 "Femenino" 0.759036144578313 7 60 "Secundaria completa" 649.254457733358 479.689698800983 0.125 0.777777777777778 0.25 0.0714285714285714 0.1 0.0714285714285714 0 0 1.28571428571429 0 0.3 0.166666666666667 0.666666666666667 0.142857142857143 0 0.166666666666667 0.222222222222222 0 0 0.0714285714285714 0.428571428571429 0.75 0.571428571428571 0 0 1.28571428571429 0 0 0.142857142857143 0
"5" 0.534396955503513 "Masculino" 0.694117647058824 9 22 "Universidad incompleta" 1031.059294119 568.093235297334 0.125 0.888888888888889 1 0.285714285714286 0.3 0.214285714285714 0.111111111111111 1.30769230769231 1 0.333333333333333 0.6 0.166666666666667 0 0.285714285714286 0.2 0.166666666666667 0.555555555555556 0.571428571428571 0.5 1.14285714285714 0.285714285714286 1.25 0.428571428571429 0.25 0.1 1 0.1 0.2 0.285714285714286 0.25
"6" 0.625070382882883 "Masculino" 0.728682170542636 8 49 "Universidad incompleta" 859.179457363514 1295.60779070106 0.75 1.22222222222222 1.625 0.0714285714285714 0.5 0.714285714285714 1.11111111111111 1 1 0.5 1.2 1.5 0.5 0.571428571428571 1 0.0833333333333333 1.22222222222222 1 0.7 0.428571428571429 0.285714285714286 1.75 1 0.125 0.5 1 0.5 1 0.571428571428571 0.125
"7" 0.645149253731343 "Femenino" 0.698924731182796 7 20 "Universidad incompleta" 659.490322580649 548.277526881721 1.25 1.88888888888889 1 0.142857142857143 0.5 0.928571428571429 0.555555555555556 0.692307692307692 1.57142857142857 0 1 0.666666666666667 1.33333333333333 0.714285714285714 0.2 0.916666666666667 1.77777777777778 0.285714285714286 0.8 0.5 1.42857142857143 1.75 0.714285714285714 0.5 0.6 1.57142857142857 0.6 0.2 0.714285714285714 0.5
"8" 0.620665322580645 "Femenino" 0.728971962616822 9 22 "Universidad incompleta" 1010.03401869159 492.86626168225 0.25 1 1.5 0.142857142857143 0.4 0.0714285714285714 1 1.30769230769231 1.71428571428571 0.666666666666667 0.7 1.33333333333333 0.666666666666667 0.571428571428571 0.2 0.583333333333333 0.777777777777778 0 0.6 0.928571428571429 0.428571428571429 1.25 0.714285714285714 0.125 0 1.71428571428571 0 0.2 0.571428571428571 0.125
"9" 0.68191632928475 "Femenino" 0.715384615384615 8 22 "Universidad incompleta" 1358.71111538461 1138.97242307703 0.875 1.77777777777778 0.375 0.0714285714285714 0.8 0.428571428571429 1.11111111111111 0.153846153846154 1.28571428571429 0 0.7 0.166666666666667 1.33333333333333 0.714285714285714 1 0.333333333333333 0.777777777777778 1.57142857142857 1.2 0.428571428571429 1 1.25 0.428571428571429 0.5 0.6 1.28571428571429 0.6 1 0.714285714285714 0.5
"10" 0.749765698219306 "Masculino" 0.753968253968254 5 21 "Universidad incompleta" 819.163650793757 703.721230159043 1 0.111111111111111 1.25 0.285714285714286 0.6 0.0714285714285714 0.666666666666667 0.153846153846154 0.714285714285714 0.5 0.1 0.5 0.333333333333333 1 1.6 0.25 0.333333333333333 1.71428571428571 0.1 1.42857142857143 0 1.5 0.571428571428571 0.5 0.3 0.714285714285714 0.3 1.6 1 0.5
"11" 0.712009803921569 "Masculino" 0.75 8 31 "Universidad completa" 554.176931825085 366.969659093725 0.25 0.333333333333333 0.5 0.0714285714285714 0.2 0.0714285714285714 0.222222222222222 0.153846153846154 0.428571428571429 0 0.7 0.5 0.5 0.142857142857143 0.2 0.333333333333333 0.444444444444444 0.285714285714286 0.9 0.642857142857143 0.142857142857143 0.5 0.428571428571429 0 0.2 0.428571428571429 0.2 0.2 0.142857142857143 0
"12" 0.643148820326679 "Femenino" 0.767123287671233 6 22 "Universidad incompleta" 700.908082191846 441.684657534633 1.375 2.11111111111111 0.5 0.142857142857143 0.3 1.14285714285714 2.33333333333333 0.692307692307692 2.42857142857143 0 0.5 0.5 1.66666666666667 0.571428571428571 0.2 0.833333333333333 1.22222222222222 1.57142857142857 0.7 0.5 0.857142857142857 0.75 0.714285714285714 0.375 1.6 2.42857142857143 1.6 0.2 0.571428571428571 0.375
"13" 0.512392426850258 "Femenino" 0.710526315789474 6 49 "Universidad incompleta" 1029.10964912684 590.586359649917 0.375 1 0 0.0714285714285714 0.5 0 0.555555555555556 0.846153846153846 1.14285714285714 0 0.8 0.666666666666667 0.333333333333333 0.142857142857143 0.2 0.583333333333333 0.222222222222222 0.571428571428571 0.9 0.5 0 0.75 0.571428571428571 0.125 0.1 1.14285714285714 0.1 0.2 0.142857142857143 0.125
"14" 0.762626262626263 "Femenino" 0.746153846153846 8 20 "Universidad incompleta" 1265.81888461056 681.907615377209 1.375 2.55555555555556 1.5 0.0714285714285714 0.9 1.64285714285714 2.44444444444444 1.84615384615385 1.57142857142857 0.166666666666667 0.6 0.333333333333333 0.833333333333333 1.28571428571429 0.2 1.16666666666667 1.33333333333333 1.14285714285714 2 1.21428571428571 1.42857142857143 2 0.571428571428571 0.375 0.8 1.57142857142857 0.8 0.2 1.28571428571429 0.375
"15" 0.516156462585034 "Femenino" 0.746031746031746 9 33 "Secundaria completa" 873.618650792946 768.544603173347 1 2 2.25 0.5 0.9 0.428571428571429 0.777777777777778 0.923076923076923 0.571428571428571 1.16666666666667 1.3 1.33333333333333 1.16666666666667 0.142857142857143 0.6 0.666666666666667 1 2.28571428571429 1.6 0.714285714285714 0.428571428571429 0.75 0.571428571428571 1.125 1.1 0.571428571428571 1.1 0.6 0.142857142857143 1.125
"16" 0.679787234042553 "Femenino" 0.766666666666667 7 39 "Universidad completa" 800.733333333333 762.758333333333 0.25 1.11111111111111 1.375 0.357142857142857 0.6 0.142857142857143 0 0.846153846153846 1.71428571428571 0.5 2.3 0.666666666666667 0.166666666666667 0.142857142857143 1.4 0.583333333333333 0.444444444444444 1.28571428571429 2.3 1.14285714285714 0.571428571428571 0.25 1.57142857142857 0 0.3 1.71428571428571 0.3 1.4 0.142857142857143 0
"17" 0.601631231671554 "Femenino" 0.747826086956522 6 20 "Universidad incompleta" 821.255260870448 605.603434779661 1.125 2.33333333333333 0.5 0.142857142857143 0.8 1.28571428571429 0.666666666666667 0.230769230769231 1.71428571428571 0 1.3 0.333333333333333 1.66666666666667 0.285714285714286 1.4 0.5 1.77777777777778 1.42857142857143 2.6 0.428571428571429 0.571428571428571 2 0.857142857142857 0.375 1 1.71428571428571 1 1.4 0.285714285714286 0.375
"18" 0.51875 "Femenino" 0.75 5 50 "Posgrado completo" 880.729583329715 366.860208330763 0.125 0.666666666666667 0.25 0.142857142857143 0.4 0.0714285714285714 0.333333333333333 0.153846153846154 1 0.333333333333333 0.8 0.833333333333333 0.666666666666667 0.142857142857143 0.8 0.166666666666667 0.555555555555556 0.571428571428571 0.7 0.714285714285714 0 0.75 1 0.625 0.3 1 0.3 0.8 0.142857142857143 0.625
"19" 0.53968253968254 "Femenino" 0.720588235294118 6 50 "Secundaria completa" 837.235294117647 427.176470588235 2.375 2.66666666666667 0.25 0.571428571428571 1.1 2 2 1.84615384615385 2.42857142857143 0.666666666666667 2.4 0.5 0.833333333333333 1.42857142857143 0 1.25 2.22222222222222 2.28571428571429 1.5 0.428571428571429 0.714285714285714 1.5 1.57142857142857 1 2.1 2.42857142857143 2.1 0 1.42857142857143 1
"20" 0.602272727272727 "Masculino" 0.649122807017544 5 21 "Universidad incompleta" 693.511228070986 433.031491228592 1.125 1.33333333333333 0.875 0.142857142857143 0.9 1 1.77777777777778 0.461538461538462 1.42857142857143 1.16666666666667 0.4 1.5 1.33333333333333 0.142857142857143 0.8 0.75 1 1 1.2 1.28571428571429 1 0.5 0.571428571428571 1.375 0.7 1.42857142857143 0.7 0.8 0.142857142857143 1.375
"21" 0.490783005617978 "Femenino" 0.743589743589744 9 20 "Universidad incompleta" 523.357521366471 689.282649576775 0.5 2.44444444444444 1.875 0.214285714285714 0.4 0.785714285714286 1.44444444444444 0.769230769230769 1.71428571428571 0 1.2 1 1.83333333333333 0.571428571428571 0.8 0.666666666666667 0.888888888888889 0.857142857142857 0.7 0.928571428571429 0.285714285714286 0.75 0.857142857142857 0.5 0.6 1.71428571428571 0.6 0.8 0.571428571428571 0.5
"22" 0.590243399339934 "Femenino" 0.818181818181818 8 21 "Universidad incompleta" 553.915247932069 475.76557851131 0.75 1.33333333333333 0.625 0.0714285714285714 1 0.571428571428571 0.222222222222222 0.0769230769230769 1.28571428571429 0.666666666666667 1.2 0.166666666666667 1.83333333333333 0.142857142857143 1.2 0.166666666666667 1.77777777777778 0.428571428571429 2 0.357142857142857 0.571428571428571 1 0.285714285714286 0 1.4 1.28571428571429 1.4 1.2 0.142857142857143 0
"23" 0.633541992696922 "Femenino" 0.734042553191489 6 20 "Universidad incompleta" 783.043882974295 619.645159571441 0.875 1.33333333333333 1.25 0.285714285714286 0.7 0.142857142857143 1.22222222222222 0.615384615384615 0.428571428571429 0.333333333333333 1.1 0.166666666666667 0.166666666666667 0.142857142857143 1.2 0.25 0.333333333333333 0 1 0.928571428571429 1 1.5 0.428571428571429 0 0 0.428571428571429 0 1.2 0.142857142857143 0
"24" 0.63125 "Masculino" 0.730769230769231 6 20 "Universidad incompleta" 374.158942304068 380.101538462511 0.75 1.44444444444444 2 0.428571428571429 1.4 0.642857142857143 0.666666666666667 1.46153846153846 1.85714285714286 1.33333333333333 0.8 1.66666666666667 0.666666666666667 1 1.6 0.75 1 0.857142857142857 1.7 1.28571428571429 1.85714285714286 1.5 1 0.5 0.4 1.85714285714286 0.4 1.6 1 0.5
"25" 0.563625450180072 "Femenino" 0.75 5 59 "Universidad completa" 1431.94531249969 921.171874999913 0.375 1.22222222222222 0.625 0.0714285714285714 0.3 0.5 0.888888888888889 0.230769230769231 1.57142857142857 0 0.8 1 0.333333333333333 0.285714285714286 0.4 0.666666666666667 0.444444444444444 0.857142857142857 0.6 0.785714285714286 0.285714285714286 0.75 0.428571428571429 0.875 0.1 1.57142857142857 0.1 0.4 0.285714285714286 0.875
"26" 0.59702380952381 "Femenino" 0.745454545454545 2 24 "Universidad incompleta" 866.545590910193 527.033818181371 1.25 2.33333333333333 0.875 0.428571428571429 0.4 0.642857142857143 1.33333333333333 1.46153846153846 2.14285714285714 0.333333333333333 1.8 0.666666666666667 1.16666666666667 0.285714285714286 0.6 1.16666666666667 2 1 2.1 0.571428571428571 1.71428571428571 2 1.57142857142857 1.625 1 2.14285714285714 1 0.6 0.285714285714286 1.625
"27" 0.603015448603684 "Femenino" 0.751937984496124 7 32 "Universidad incompleta" 977.162790698267 744.085271317442 0.25 0.444444444444444 0.375 0.0714285714285714 0.3 0 0.777777777777778 0.0769230769230769 0.285714285714286 0.5 0.4 0.333333333333333 0.166666666666667 0.285714285714286 0 0.0833333333333333 0.111111111111111 0.428571428571429 0.1 0.714285714285714 0.428571428571429 1 0.714285714285714 0 0.4 0.285714285714286 0.4 0 0.285714285714286 0
"28" 0.552318295739348 "Masculino" 0.654545454545455 6 21 "Universidad incompleta" 789.717999999464 543.925636364359 0.75 1.55555555555556 2 0 0.7 0.285714285714286 1.66666666666667 1.46153846153846 2 0.666666666666667 0.9 1 0.666666666666667 0.285714285714286 0.4 0.583333333333333 1.88888888888889 1.14285714285714 2.5 0.857142857142857 1.14285714285714 0.75 1 0.375 0.1 2 0.1 0.4 0.285714285714286 0.375
"29" 0.567555147058824 "Femenino" 0.746031746031746 8 21 "Universidad incompleta" 821.741230150182 601.802579352691 0.125 0.777777777777778 0.5 0.142857142857143 0.4 0 0 0.461538461538462 0.714285714285714 0.333333333333333 0.7 2 0.666666666666667 0.142857142857143 0.4 0.416666666666667 1 1.14285714285714 1.9 0.571428571428571 0 0 0.714285714285714 0 0 0.714285714285714 0 0.4 0.142857142857143 0
"30" 0.715584415584416 "Masculino" 0.772727272727273 6.3 21 "Secundaria completa" 870.193181818074 613.82954545471 0.5 2.44444444444444 0.625 0.214285714285714 1.3 1 1.88888888888889 0.615384615384615 1.71428571428571 0.833333333333333 1.5 0.666666666666667 0.333333333333333 0.857142857142857 1.2 0.166666666666667 2.44444444444444 1.14285714285714 1.5 0.714285714285714 1.85714285714286 1.25 1.14285714285714 0 0.7 1.71428571428571 0.7 1.2 0.857142857142857 0
"31" 0.756076388888889 "Masculino" 0.734375 7 21 "Universidad incompleta" 648.609257812041 822.361367187114 0 1.77777777777778 2.125 0.714285714285714 0.8 0.357142857142857 2.44444444444444 1.84615384615385 1.57142857142857 1.66666666666667 1.5 1.33333333333333 0.333333333333333 0.857142857142857 0.8 0.666666666666667 1.66666666666667 0.285714285714286 1.9 1.35714285714286 0.285714285714286 1.75 0.857142857142857 0.25 0.2 1.57142857142857 0.2 0.8 0.857142857142857 0.25
"32" 0.513180272108844 "Femenino" 0.738461538461539 8 59 "Universidad incompleta" 1241.88730769148 368.783192307455 0.25 0.666666666666667 0.5 0.285714285714286 0.2 0 0.111111111111111 0.384615384615385 1 0 1.3 0.833333333333333 1.16666666666667 0.142857142857143 0.4 0.583333333333333 1.33333333333333 1.14285714285714 0.8 1 0.285714285714286 0 1 0.5 0.2 1 0.2 0.4 0.142857142857143 0.5
"33" 0.572946859903382 "Femenino" 0.671875 10 25 "Universidad incompleta" 729.456562498854 556.790156250827 1.75 2.33333333333333 2.125 1.71428571428571 1.8 0.928571428571429 2.44444444444444 2.15384615384615 1.57142857142857 1.33333333333333 2.1 1.66666666666667 0.333333333333333 1.57142857142857 2 1.41666666666667 1.88888888888889 1.71428571428571 1.1 1.21428571428571 1 1.75 1 0.625 1.4 1.57142857142857 1.4 2 1.57142857142857 0.625
"34" 0.58492975734355 "Femenino" 0.772727272727273 5 22 "Universidad incompleta" 811.173954545392 759.573590909059 1.25 2.33333333333333 1.125 0.142857142857143 0.8 2.07142857142857 0.222222222222222 2.23076923076923 2.57142857142857 1.16666666666667 0.7 0.333333333333333 1.33333333333333 0.285714285714286 0.6 1.41666666666667 1.66666666666667 0.428571428571429 1.9 0.5 1 0.5 0.571428571428571 1.125 0.9 2.57142857142857 0.9 0.6 0.285714285714286 1.125
"35" 0.550788954635108 "Masculino" 0.76 6 31 "Universidad incompleta" 616.288799999893 336.857649999799 1.375 1.44444444444444 2.125 1 1.3 1.35714285714286 2.11111111111111 1.38461538461538 1.57142857142857 0.833333333333333 1.6 1.5 0.5 1.14285714285714 1.6 1 1.77777777777778 1.85714285714286 1.9 0.928571428571429 0.571428571428571 2 1.28571428571429 0.5 1.4 1.57142857142857 1.4 1.6 1.14285714285714 0.5
"36" 0.615454246214615 "Femenino" 0.768 6 34 "Universidad completa" 1023.18835998885 1045.13236000016 0.75 2.22222222222222 0.5 0.0714285714285714 0.1 1.07142857142857 2.44444444444444 0 2 0 0.5 0.166666666666667 0.666666666666667 0.285714285714286 0 0.166666666666667 0.888888888888889 0.428571428571429 1 0.357142857142857 1 2 0.285714285714286 0 0.7 2 0.7 0 0.285714285714286 0
"37" 0.66520979020979 "Masculino" 0.688311688311688 6 19 "Universidad incompleta" 672.595519480565 521.972337662416 0.75 1.55555555555556 1.375 0.428571428571429 1.1 0.857142857142857 1.77777777777778 1.76923076923077 1.71428571428571 0.5 0.9 1.16666666666667 0.5 0.714285714285714 1.8 1.16666666666667 1.11111111111111 0.714285714285714 1.2 1.14285714285714 0.857142857142857 1.75 0.571428571428571 1.125 0.1 1.71428571428571 0.1 1.8 0.714285714285714 1.125
"38" 0.656010656010656 "Femenino" 0.741666666666667 8 18 "Secundaria completa" 1020.28979166886 602.873208333525 0.5 1.33333333333333 2.75 0.571428571428571 1.2 0.142857142857143 0.444444444444444 2.92307692307692 2.42857142857143 2 1.1 2.16666666666667 1.83333333333333 0.714285714285714 3 1.5 1.44444444444444 1.57142857142857 1.2 1.71428571428571 0.571428571428571 0.75 1.28571428571429 1.75 1.4 2.42857142857143 1.4 3 0.714285714285714 1.75
"39" 0.491929824561403 "Masculino" 0.705128205128205 7 27 "Universidad completa" 448.267884610686 473.870448719633 1.625 1.44444444444444 0.5 0.0714285714285714 0.5 1.64285714285714 1.22222222222222 0.615384615384615 0.285714285714286 0 0.7 0.333333333333333 1.33333333333333 0.428571428571429 0.6 0.416666666666667 1.44444444444444 1.57142857142857 0 0.357142857142857 0.714285714285714 1.25 1.57142857142857 0.25 1.7 0.285714285714286 1.7 0.6 0.428571428571429 0.25
"40" 0.651648351648352 "Masculino" 0.739130434782609 7 28 "Universidad completa" 686.663043470142 556.478260866994 0.25 0.444444444444444 1.25 0.142857142857143 0.2 0 0.444444444444444 0.692307692307692 1.14285714285714 0.5 0.6 0.5 0.666666666666667 0.428571428571429 0.4 0.166666666666667 0.555555555555556 1 1 1.14285714285714 0.285714285714286 1 0.714285714285714 0 0.3 1.14285714285714 0.3 0.4 0.428571428571429 0
"41" 0.671638257575758 "Femenino" 0.763779527559055 8 21 "Universidad incompleta" 1077.57374015749 1001.59078740158 1.5 0.888888888888889 0.5 0.428571428571429 0.9 1.42857142857143 2 1.15384615384615 0.857142857142857 1 1.4 1 1.66666666666667 0.714285714285714 1.6 1.41666666666667 1.22222222222222 2 0.7 1.07142857142857 0.285714285714286 2 1.42857142857143 0.75 1.4 0.857142857142857 1.4 1.6 0.714285714285714 0.75
"42" 0.59508547008547 "Femenino" 0.752475247524752 8 22 "Universidad incompleta" 1134.84757425744 644.512425742577 0.875 1.44444444444444 0.25 0.0714285714285714 0.3 0 0 0.230769230769231 1.14285714285714 0.166666666666667 0.7 0.833333333333333 0.666666666666667 0.142857142857143 0 0.333333333333333 0.666666666666667 0.142857142857143 0.9 0.428571428571429 0.285714285714286 0 0.428571428571429 0.5 1.8 1.14285714285714 1.8 0 0.142857142857143 0.5
"43" 0.599540229885058 "Femenino" 0.787037037037037 6 25 "Universidad incompleta" 965.683287037052 632.946342592526 0.5 1.33333333333333 0.375 0.0714285714285714 0.2 0.0714285714285714 0.555555555555556 0.153846153846154 1 0 0.3 0.333333333333333 0.666666666666667 0.714285714285714 0.2 0.166666666666667 0.444444444444444 0.285714285714286 1.6 0.5 1 1 0.714285714285714 0 0.7 1 0.7 0.2 0.714285714285714 0
"44" 0.710795454545454 "Femenino" 0.754385964912281 9 24 "Universidad incompleta" 1149.66263157894 600.488201754403 1.5 1.33333333333333 2.125 0.785714285714286 1.3 1.07142857142857 2.77777777777778 0.307692307692308 1.14285714285714 0.666666666666667 1.2 1.16666666666667 0.666666666666667 1.14285714285714 2 0.5 1.22222222222222 1.28571428571429 0.4 0.785714285714286 1.57142857142857 0.25 0.714285714285714 0.125 0.3 1.14285714285714 0.3 2 1.14285714285714 0.125
"45" 0.484654731457801 "Femenino" 0.7 10 25 "Universidad incompleta" 1047.40021428193 529.95849999965 1 2.44444444444444 0 0.571428571428571 0.4 1 1 0.538461538461538 0.714285714285714 0 1.4 0.166666666666667 0.666666666666667 0.571428571428571 1.4 0.333333333333333 1.55555555555556 1.14285714285714 2.5 0.357142857142857 0 0.25 2.28571428571429 0.875 2.5 0.714285714285714 2.5 1.4 0.571428571428571 0.875
"46" 0.488401594780718 "Femenino" 0.75 8 21 "Universidad incompleta" 524.989051723267 574.009267242469 0.5 1.11111111111111 1.375 0.0714285714285714 0.7 0.142857142857143 0.222222222222222 1.69230769230769 0.714285714285714 0.666666666666667 0.8 0.833333333333333 0.333333333333333 1 1.6 0.666666666666667 1 1.42857142857143 2.6 1.14285714285714 1.14285714285714 0.75 1.28571428571429 0.625 0.4 0.714285714285714 0.4 1.6 1 0.625
"47" 0.553390688259109 "Femenino" 0.755102040816326 7 29 "Posgrado incompleto" 1054.20408163265 610.80612244898 0.25 0.333333333333333 2 0.357142857142857 0.1 0.5 0.111111111111111 0.384615384615385 1.28571428571429 0 1.2 0.833333333333333 0.5 0.428571428571429 0.2 0.416666666666667 0.222222222222222 0 1 0.785714285714286 0.285714285714286 1.75 1.14285714285714 1 0 1.28571428571429 0 0.2 0.428571428571429 1
"48" 0.555654761904762 "Masculino" 0.755555555555556 6 31 "Posgrado incompleto" 742.459666664298 576.554166662714 0.25 0.111111111111111 2.125 0.285714285714286 0.9 0.714285714285714 1.44444444444444 0.0769230769230769 1.42857142857143 0 0.8 1.16666666666667 0.833333333333333 1.14285714285714 1.8 0 0 0.714285714285714 0.1 0.928571428571429 0.142857142857143 1.5 0.714285714285714 0.125 0 1.42857142857143 0 1.8 1.14285714285714 0.125
"49" 0.689408041697692 "Masculino" 0.706422018348624 8 30 "Universidad incompleta" 1028.6172477064 577.937844036696 1.75 1.77777777777778 1.5 0.571428571428571 0.2 1.78571428571429 2.22222222222222 1.53846153846154 1.85714285714286 0.5 1.1 0.333333333333333 1.33333333333333 1 0.2 1.33333333333333 1.22222222222222 1.42857142857143 1 0.571428571428571 1.71428571428571 1.25 0.857142857142857 1.25 2.4 1.85714285714286 2.4 0.2 1 1.25
"50" 0.517207792207792 "Femenino" 0.772727272727273 7 20 "Universidad incompleta" 776.247159067266 661.066875001945 1 2.66666666666667 0.5 0.142857142857143 0.7 0.785714285714286 0.444444444444444 0.384615384615385 2.57142857142857 0.333333333333333 1.8 0.5 2 0.714285714285714 1 0.833333333333333 1.11111111111111 0.571428571428571 1.8 0.5 0.714285714285714 0 1.14285714285714 0 1.4 2.57142857142857 1.4 1 0.714285714285714 0
"51" 0.623314950980392 "Femenino" 0.746031746031746 8 26 "Posgrado incompleto" 1476.31833332938 949.252380954383 0.625 1.66666666666667 2 0.142857142857143 1.2 1.35714285714286 1.77777777777778 1.61538461538462 1.42857142857143 0.333333333333333 1.2 1.5 0.5 1.14285714285714 1 1.41666666666667 1.55555555555556 1.85714285714286 1.7 2.07142857142857 1.14285714285714 2.5 1.14285714285714 0.75 0.4 1.42857142857143 0.4 1 1.14285714285714 0.75
"52" 0.616791744840525 "Masculino" 0.769230769230769 7 25 "Universidad incompleta" 856.005288463516 367.47519230882 0.25 0 1.875 1 1.3 0.142857142857143 0.555555555555556 0 0.428571428571429 1.83333333333333 0.6 0.166666666666667 1 0.285714285714286 1.2 0 0.444444444444444 1 0.3 1.07142857142857 0 1.25 0.428571428571429 0.125 0.3 0.428571428571429 0.3 1.2 0.285714285714286 0.125
"53" 0.774776453055142 "Masculino" 0.746835443037975 5.5 33 "Universidad incompleta" 1432.92405063291 546.227848101266 1.125 1.66666666666667 0.75 1.21428571428571 1.3 1.21428571428571 0.333333333333333 2.15384615384615 0.714285714285714 1.33333333333333 1.1 0.833333333333333 0.833333333333333 0.428571428571429 1.6 1.25 1.55555555555556 2.28571428571429 1.1 0.928571428571429 0.285714285714286 1.5 1 0.625 1.9 0.714285714285714 1.9 1.6 0.428571428571429 0.625
"54" 0.57764274691358 "Masculino" 0.724770642201835 7 30 "Posgrado incompleto" 997.404541284136 645.230366965892 1 1.44444444444444 1.75 0.428571428571429 0.8 0.857142857142857 1.22222222222222 2.07692307692308 1.14285714285714 0.833333333333333 1.2 0.5 0.5 0.428571428571429 1.2 1.16666666666667 1.66666666666667 1.28571428571429 1.9 0.928571428571429 0.714285714285714 1.5 0.571428571428571 1.25 1.1 1.14285714285714 1.1 1.2 0.428571428571429 1.25
"55" 0.599574372759857 "Femenino" 0.707070707070707 11 23 "Universidad incompleta" 959.106969696959 580.253737373728 2.375 2 0.625 0.857142857142857 0.7 2.07142857142857 1.55555555555556 1.15384615384615 1.57142857142857 0.833333333333333 1.6 0.333333333333333 1.66666666666667 1 1.2 0.833333333333333 1.55555555555556 1.57142857142857 1 0.571428571428571 1.28571428571429 2 1.71428571428571 0.5 1.3 1.57142857142857 1.3 1.2 1 0.5
"56" 0.538194444444444 "Masculino" 0.716666666666667 6 30 "Universidad completa" 570.45 401.508333333333 0.875 0.333333333333333 0.5 1.07142857142857 1.3 0.428571428571429 0.777777777777778 0.923076923076923 0.428571428571429 0.666666666666667 1.2 0.166666666666667 0.666666666666667 1 1.4 0.25 0.666666666666667 1.42857142857143 0.9 0.5 0.142857142857143 0.25 1.14285714285714 0 1.8 0.428571428571429 1.8 1.4 1 0
"57" 0.612231182795699 "Femenino" 0.731707317073171 6 23 "Universidad incompleta" 516.365731707149 388.008414633876 0.625 1.44444444444444 2.5 0.214285714285714 0.7 0.642857142857143 1.11111111111111 0.307692307692308 1.85714285714286 0.333333333333333 1.6 1.66666666666667 0.333333333333333 0.142857142857143 0.8 0.583333333333333 1.11111111111111 0.285714285714286 3 1.5 1.14285714285714 1.5 0.714285714285714 0.25 0.3 1.85714285714286 0.3 0.8 0.142857142857143 0.25
"58" 0.616828304597701 "Femenino" 0.739130434782609 8 29 "Universidad completa" 583.543304349903 646.274130435094 0 0.222222222222222 0.25 0.0714285714285714 0.2 0 1.11111111111111 0 0.142857142857143 0.833333333333333 0.4 0.166666666666667 0.5 0.714285714285714 0.2 0 0 0.428571428571429 0.2 0.357142857142857 0.142857142857143 0.25 0.142857142857143 0 0.2 0.142857142857143 0.2 0.2 0.714285714285714 0
"59" 0.605219414893617 "Femenino" 0.754098360655738 7 44 "Posgrado completo" 1662.37704918033 956.819672131148 0.25 0 0 0.0714285714285714 0.1 0.214285714285714 0 0 0 0 0 0.166666666666667 0.5 0 0 0 0 0.285714285714286 0 0.857142857142857 0 0.25 0 0 0.1 0 0.1 0 0 0
"60" 0.748904576436222 "Masculino" 0.762376237623762 4 24 "Posgrado incompleto" 979.841732673389 510.033217822026 0.625 1.44444444444444 2.375 0.714285714285714 2 0.714285714285714 2 1.92307692307692 2.57142857142857 0.666666666666667 2.1 0.333333333333333 1.16666666666667 0.571428571428571 2.4 1 1.66666666666667 1.28571428571429 1 0.571428571428571 0.857142857142857 1.5 1.42857142857143 1 0.6 2.57142857142857 0.6 2.4 0.571428571428571 1
"61" 0.73171114599686 "Femenino" 0.729508196721312 7 23 "Secundaria completa" 771.807500001875 557.201352462814 0.625 2.22222222222222 0.875 0.5 0.5 0.357142857142857 0.444444444444444 0.461538461538462 1.28571428571429 1 1.2 0.166666666666667 0.666666666666667 0.285714285714286 0.8 0.166666666666667 0.222222222222222 1.71428571428571 1.7 0.428571428571429 0.285714285714286 0.5 1.28571428571429 0.375 0.7 1.28571428571429 0.7 0.8 0.285714285714286 0.375
"62" 0.625445632798574 "Femenino" 0.710144927536232 9 21 "Secundaria completa" 826.454347827509 615.083478260414 0 0.888888888888889 0.625 0.214285714285714 0.5 0.285714285714286 0.666666666666667 0.615384615384615 2 0.666666666666667 1.3 1.16666666666667 0.666666666666667 0.285714285714286 0.4 0.666666666666667 0.222222222222222 0.428571428571429 0.7 0.571428571428571 0.142857142857143 0.5 1.71428571428571 0 0.3 2 0.3 0.4 0.285714285714286 0
"63" 0.530801435406699 "Masculino" 0.787234042553192 6 36 "Universidad completa" 671.102606383043 461.818936167587 0.125 0.444444444444444 1.375 0.214285714285714 0.8 0.285714285714286 0.888888888888889 0.461538461538462 0.857142857142857 0.666666666666667 0.2 0.833333333333333 0.333333333333333 0.285714285714286 1.4 0.166666666666667 0.333333333333333 0.428571428571429 0.3 0.928571428571429 0.142857142857143 0.75 0.714285714285714 0.375 0 0.857142857142857 0 1.4 0.285714285714286 0.375
"64" 0.586342917251052 "Femenino" 0.756302521008403 8 27 "Universidad incompleta" 766.506008403267 445.095168067104 0.125 0.222222222222222 0.625 0.0714285714285714 0 0.285714285714286 0.333333333333333 0 1 0 0.5 0.5 0.5 0.285714285714286 0.2 0.0833333333333333 0.222222222222222 0.285714285714286 0.1 0.857142857142857 0.714285714285714 0.75 0.571428571428571 0.5 0.1 1 0.1 0.2 0.285714285714286 0.5
"65" 0.681156015037594 "Masculino" 0.74 7 21 "Universidad incompleta" 1103.84385000027 477.71829999976 0.75 2.11111111111111 1.875 0.428571428571429 0.9 0.642857142857143 2.11111111111111 1.30769230769231 1.71428571428571 1.33333333333333 0.4 0.5 0.5 0.428571428571429 1.2 1.58333333333333 1.66666666666667 0.714285714285714 1.2 0.785714285714286 1.57142857142857 1.75 0.571428571428571 1.25 0.6 1.71428571428571 0.6 1.2 0.428571428571429 1.25
"66" 0.657894736842105 "Femenino" 0.738095238095238 5 21 "Universidad incompleta" 1259.13948412534 993.854126980757 0.5 1.22222222222222 1 0.0714285714285714 0.2 0.714285714285714 0.222222222222222 0.153846153846154 1 0 0.3 0 1.33333333333333 0.142857142857143 0 0 0.777777777777778 0.571428571428571 0.7 0.642857142857143 0.857142857142857 0.75 0.571428571428571 0 0.6 1 0.6 0 0.142857142857143 0
"67" 0.641430412371134 "Masculino" 0.811965811965812 7.55 24 "Universidad incompleta" 1473.00717948675 839.927649572213 0.375 0.888888888888889 0.875 0.0714285714285714 0.4 0 0 0.538461538461538 0.857142857142857 0.166666666666667 0.3 0.333333333333333 0.166666666666667 0.285714285714286 0.6 0.166666666666667 0.222222222222222 0.571428571428571 0.3 0.785714285714286 0.428571428571429 0.75 0.857142857142857 0 0.1 0.857142857142857 0.1 0.6 0.285714285714286 0
"68" 0.563897168405365 "Masculino" 0.746835443037975 7 18 "Secundaria incompleta" 743.797468354503 373.468354430422 0.375 2 2.5 1.28571428571429 1.6 1.07142857142857 1.11111111111111 2.15384615384615 1.71428571428571 1.83333333333333 1.8 2 0.666666666666667 0.857142857142857 2.4 1.5 2.11111111111111 2 1.4 1.57142857142857 2.42857142857143 0.75 0.714285714285714 1.375 0.6 1.71428571428571 0.6 2.4 0.857142857142857 1.375
"69" 0.589813511611541 "Femenino" 0.780487804878049 7 54 "Universidad completa" 786.079878049971 534.486341454861 0.625 0.888888888888889 1.25 0.214285714285714 0.7 0.214285714285714 1.44444444444444 0.307692307692308 1.14285714285714 1 1.8 0.833333333333333 0.166666666666667 0.285714285714286 0.8 0.833333333333333 1.22222222222222 1.14285714285714 2 0.714285714285714 0.428571428571429 1.25 1.28571428571429 0.875 0.5 1.14285714285714 0.5 0.8 0.285714285714286 0.875
"70" 0.557894736842105 "Femenino" 0.7875 7 23 "Universidad completa" 688.650000000234 760.11250000056 0.25 1 0.875 0.0714285714285714 0.2 0.142857142857143 0.444444444444444 0.692307692307692 0.857142857142857 0.333333333333333 0.6 0.666666666666667 0.5 0.142857142857143 0.2 0.166666666666667 1 0.571428571428571 1 0.928571428571429 0.285714285714286 1 0.571428571428571 0.375 0.1 0.857142857142857 0.1 0.2 0.142857142857143 0.375
"71" 0.528115203761755 "Masculino" 0.761061946902655 9 27 "Universidad incompleta" 609.731681413116 440.138053096443 0.75 0.666666666666667 1.125 0.214285714285714 1 0.285714285714286 1.33333333333333 0.615384615384615 0.714285714285714 0.166666666666667 0.9 1 0.333333333333333 0.714285714285714 1 0.333333333333333 0.666666666666667 1.14285714285714 0.7 0.714285714285714 0.571428571428571 0.75 0.285714285714286 0.125 0.4 0.714285714285714 0.4 1 0.714285714285714 0.125
"72" 0.62202380952381 "Masculino" 0.710526315789474 8 28 "Posgrado incompleto" 1164.46592105265 893.909473684198 0.25 1.33333333333333 0.625 0.285714285714286 0 0.571428571428571 1.44444444444444 1.15384615384615 0.857142857142857 0.333333333333333 0.1 0.666666666666667 0.166666666666667 0.428571428571429 0 0.333333333333333 0.555555555555556 0.857142857142857 0.1 0.5 0 0 0.285714285714286 0 1.4 0.857142857142857 1.4 0 0.428571428571429 0
"73" 0.566071428571429 "Femenino" 0.723076923076923 7 23 "Universidad completa" 943.894384619601 602.071999998477 0.25 0.555555555555556 0.25 0.785714285714286 0.3 0 1.44444444444444 0.692307692307692 1 0 2.1 1.5 1.33333333333333 1.28571428571429 0.8 0.583333333333333 0.444444444444444 2.57142857142857 1.2 2.28571428571429 0 0.25 0.857142857142857 0 1.6 1 1.6 0.8 1.28571428571429 0
"74" 0.639700641482537 "Femenino" 0.7375 6 27 "Universidad incompleta" 489.024437499938 433.040250000886 1.125 1.88888888888889 0.625 0.142857142857143 0.4 0.785714285714286 1.22222222222222 0.307692307692308 1.28571428571429 0.5 0.9 0.666666666666667 1 1 1 0.666666666666667 1.33333333333333 0.714285714285714 1.7 0.857142857142857 0.571428571428571 1.75 0.571428571428571 0.125 0.6 1.28571428571429 0.6 1 1 0.125
"75" 0.619047619047619 "Femenino" 0.740740740740741 8 20 "Secundaria completa" 689.801111111323 454.292037036524 0.625 1.22222222222222 1.875 1.14285714285714 1.6 0.142857142857143 1 0.461538461538462 0.142857142857143 1.66666666666667 1.8 1.83333333333333 0.5 0.571428571428571 2.8 0.75 1.66666666666667 2.28571428571429 1.5 1.07142857142857 0 0.75 1 0.375 0.4 0.142857142857143 0.4 2.8 0.571428571428571 0.375
"76" 0.62593678722711 "Femenino" 0.76984126984127 6 30 "Universidad completa" 1064.16666666667 1312.4126984127 1.375 2 1.25 1 0.8 0.571428571428571 1.33333333333333 0.769230769230769 0.857142857142857 0 2 1.66666666666667 0.5 0.857142857142857 1 0.333333333333333 1.11111111111111 1.71428571428571 0.8 1.28571428571429 0 0 0.857142857142857 0.125 1.2 0.857142857142857 1.2 1 0.857142857142857 0.125
"77" 0.710057471264368 "Femenino" 0.752212389380531 7 25 "Universidad incompleta" 723.453053095289 871.002876106289 1.25 2.11111111111111 1.875 0.142857142857143 1 1.85714285714286 1.88888888888889 1.30769230769231 2.42857142857143 0.5 1.2 0.833333333333333 0.333333333333333 0.571428571428571 1.4 0.5 1.77777777777778 0.857142857142857 1.9 0.785714285714286 1.28571428571429 2 1.28571428571429 0.375 0.6 2.42857142857143 0.6 1.4 0.571428571428571 0.375
"78" 0.713940256045519 "Femenino" 0.7265625 7 33 "Universidad completa" 1163.54769531251 692.017734375023 0.25 2 1.125 0.0714285714285714 0.5 0 0.666666666666667 0.0769230769230769 1 0 0.5 0.166666666666667 0.166666666666667 0.714285714285714 0.2 0.666666666666667 0.555555555555556 1 0.8 0.571428571428571 1.28571428571429 0.75 0.285714285714286 0.125 0.3 1 0.3 0.2 0.714285714285714 0.125
"79" 0.616323529411765 "Femenino" 0.753846153846154 7 30 "Posgrado completo" 559.553846153846 473.646153846154 0.5 1.77777777777778 1.5 0.214285714285714 0.4 1 1.66666666666667 0.692307692307692 0.857142857142857 0.833333333333333 0.8 0.166666666666667 0.5 0.285714285714286 0.4 0.583333333333333 0.888888888888889 1 1.7 1 0 2.75 0.428571428571429 0 0.6 0.857142857142857 0.6 0.4 0.285714285714286 0
"80" 0.631310096153846 "Femenino" 0.720930232558139 7 28 "Universidad incompleta" 1730.76744186042 815.511627906915 0.625 0.333333333333333 2.75 0.214285714285714 0.4 0.214285714285714 0.444444444444444 0.153846153846154 0.571428571428571 1 1.1 1.33333333333333 0.166666666666667 0.285714285714286 1.4 0.25 0.444444444444444 0 1.7 1.42857142857143 1.85714285714286 0.5 0.142857142857143 0 0 0.571428571428571 0 1.4 0.285714285714286 0
"81" 0.53874362244898 "Femenino" 0.761904761904762 8 36 "Universidad incompleta" 891.38944443622 672.841428570257 0.375 0.888888888888889 1.125 0.0714285714285714 0.7 0.285714285714286 0.888888888888889 0.153846153846154 0.571428571428571 0 1.4 1.5 0.166666666666667 0.428571428571429 0.8 0 1 1.14285714285714 0.4 1.35714285714286 0.571428571428571 0.5 0.571428571428571 0.75 0 0.571428571428571 0 0.8 0.428571428571429 0.75
"82" 0.639579566003617 "Masculino" 0.747572815533981 6 41 "Universidad incompleta" 678.234077669913 529.330194171618 0.5 1.11111111111111 1.25 0 0.5 0 0.111111111111111 0.0769230769230769 0.428571428571429 0.5 0.4 0.5 0.333333333333333 0.142857142857143 0.8 0 0.666666666666667 0.428571428571429 0.8 1.14285714285714 0 0 0.857142857142857 0 0 0.428571428571429 0 0.8 0.142857142857143 0
"83" 0.649772497472194 "Masculino" 0.8 7 27 "Universidad incompleta" 633.276190476188 629.657142857141 0.625 1.44444444444444 1.75 0.357142857142857 1.2 0.785714285714286 2.22222222222222 0.538461538461538 0.857142857142857 0.666666666666667 0.8 1.33333333333333 1 1 0.8 0.166666666666667 1.44444444444444 2.28571428571429 0.3 1.07142857142857 1.57142857142857 2 0.714285714285714 0 0.6 0.857142857142857 0.6 0.8 1 0
"84" 0.609627016129032 "Femenino" 0.752066115702479 8 26 "Posgrado incompleto" 771.822355372768 474.433719008547 1.25 2.44444444444444 1.125 0.285714285714286 0.6 1.85714285714286 2.55555555555556 0.846153846153846 2 0 1.5 1.66666666666667 0.5 0.714285714285714 1 0.916666666666667 1.55555555555556 0.428571428571429 1.2 1.14285714285714 0.571428571428571 1.25 0.857142857142857 0 0.1 2 0.1 1 0.714285714285714 0
